1
1 122
1 8
121
121 122
121 122 124
121 122 124 49
121 122 124 49 8
121 122 124 8
121 122 49
121 122 49 516
121 122 49 516 8
121 122 49 8
121 122 51
121 122 51 8
121 122 516
121 122 516 8
121 122 8
121 124
121 124 49
121 124 49 8
121 124 8
121 49
121 49 516
121 49 516 8
121 49 8
121 51
121 51 8
121 516
121 516 8
121 8
122
122 124
122 124 171
122 124 49
122 124 49 51
122 124 49 51 8
122 124 49 516
122 124 49 516 8
122 124 49 8
122 124 51
122 124 51 8
122 124 516
122 124 516 8
122 124 8
122 146
122 146 49
122 146 49 8
122 146 8
122 149
122 149 8
122 150
122 150 8
122 158
122 158 8
122 171
122 171 49
122 171 49 516
122 171 49 8
122 171 516
122 171 516 8
122 171 8
122 22
122 22 8
122 308
122 308 8
122 379
122 379 8
122 49
122 49 51
122 49 51 516
122 49 51 516 8
122 49 51 8
122 49 516
122 49 516 8
122 49 60
122 49 60 8
122 49 8
122 49 8 878
122 49 878
122 51
122 51 516
122 51 516 8
122 51 8
122 514
122 514 8
122 516
122 516 60
122 516 8
122 524
122 60
122 60 8
122 8
122 8 84
122 8 878
122 81
122 84
122 878
124
124 171
124 171 8
124 49
124 49 51
124 49 51 8
124 49 516
124 49 516 8
124 49 8
124 51
124 51 8
124 516
124 516 8
124 8
146
146 49
146 49 8
146 8
149
149 8
150
150 49
150 8
158
158 49
158 8
171
171 49
171 49 516
171 49 8
171 516
171 516 8
171 8
22
22 8
308
308 49
308 8
379
379 49
379 8
49
49 51
49 51 516
49 51 516 8
49 51 8
49 514
49 516
49 516 8
49 60
49 60 8
49 8
49 8 878
49 84
49 878
51
51 516
51 516 8
51 8
514
514 8
516
516 60
516 8
524
60
60 8
8
8 81
8 84
8 878
81
84
878
