t # 0
v 0 0
v 1 0
v 2 1
v 3 1
v 4 1
v 5 1
v 6 1
v 7 1
v 8 2
v 9 2
v 10 2
v 11 3
v 12 3
v 13 3
v 14 3
v 15 3
v 16 3
v 17 3
v 18 3
v 19 3
v 20 3
v 21 3
v 22 3
v 23 3
v 24 3
v 25 3
v 26 4
v 27 4
v 28 4
v 29 4
v 30 4
v 31 4
v 32 4
v 33 4
v 34 4
v 35 4
v 36 4
v 37 4
v 38 4
v 39 4
v 40 4
v 41 4
v 42 4
e 3 0 2
e 4 0 2
e 11 0 1
e 12 0 1
e 2 1 1
e 5 1 1
e 6 1 2
e 7 1 2
e 13 2 1
e 42 5 1
e 9 8 2
e 18 8 1
e 20 9 1
e 22 10 1
e 40 10 1
e 41 10 1
e 13 11 1
e 26 11 1
e 27 11 1
e 14 12 2
e 15 12 1
e 28 13 1
e 29 13 1
e 16 14 1
e 30 14 1
e 17 15 2
e 31 15 1
e 18 16 2
e 32 16 1
e 18 17 1
e 33 17 1
e 20 19 2
e 21 19 1
e 25 19 1
e 23 20 1
e 22 21 2
e 34 21 1
e 24 22 1
e 24 23 2
e 35 23 1
e 36 24 1
e 37 25 1
e 38 25 1
e 39 25 1
t # 1
v 0 2
v 1 2
v 2 2
v 3 2
v 4 3
v 5 3
v 6 3
v 7 3
v 8 3
v 9 3
v 10 3
v 11 3
v 12 3
v 13 3
v 14 3
v 15 3
v 16 3
v 17 3
v 18 3
v 19 3
v 20 3
v 21 3
v 22 3
v 23 3
v 24 3
v 25 3
v 26 3
v 27 3
v 28 3
v 29 3
v 30 3
v 31 3
v 32 3
v 33 3
v 34 3
v 35 3
v 36 3
v 37 3
v 38 3
v 39 3
v 40 3
v 41 3
v 42 3
v 43 3
v 44 3
v 45 3
v 46 4
v 47 4
v 48 4
v 49 4
v 50 4
v 51 4
v 52 4
v 53 4
v 54 4
v 55 4
v 56 4
v 57 4
v 58 4
v 59 4
v 60 4
v 61 4
v 62 4
v 63 4
v 64 4
v 65 4
v 66 4
v 67 4
v 68 4
v 69 4
v 70 4
v 71 4
v 72 4
v 73 4
v 74 4
v 75 4
v 76 4
v 77 4
v 78 4
v 79 4
v 80 4
v 81 4
v 82 4
v 83 4
v 84 4
v 85 4
v 86 4
v 87 4
e 26 0 1
e 30 0 2
e 27 1 1
e 31 1 2
e 36 2 1
e 42 2 2
e 37 3 1
e 43 3 2
e 6 4 1
e 10 4 1
e 12 4 1
e 46 4 1
e 7 5 1
e 11 5 1
e 13 5 1
e 47 5 1
e 8 6 1
e 18 6 1
e 19 6 1
e 9 7 1
e 20 7 1
e 21 7 1
e 10 8 1
e 14 8 1
e 48 8 1
e 11 9 1
e 15 9 1
e 49 9 1
e 50 10 1
e 51 10 1
e 52 11 1
e 53 11 1
e 16 12 1
e 22 12 1
e 54 12 1
e 17 13 1
e 23 13 1
e 55 13 1
e 16 14 1
e 26 14 2
e 17 15 1
e 27 15 2
e 28 16 2
e 29 17 2
e 56 18 1
e 57 18 1
e 58 18 1
e 59 19 1
e 60 19 1
e 61 19 1
e 62 20 1
e 63 20 1
e 64 20 1
e 65 21 1
e 66 21 1
e 67 21 1
e 24 22 1
e 68 22 1
e 69 22 1
e 25 23 1
e 70 23 1
e 71 23 1
e 25 24 1
e 32 24 2
e 33 25 2
e 72 26 1
e 73 27 1
e 30 28 1
e 74 28 1
e 31 29 1
e 75 29 1
e 36 30 1
e 37 31 1
e 34 32 1
e 76 32 1
e 35 33 1
e 77 33 1
e 35 34 2
e 78 34 1
e 79 35 1
e 38 36 2
e 39 37 2
e 40 38 1
e 80 38 1
e 41 39 1
e 81 39 1
e 44 40 2
e 82 40 1
e 45 41 2
e 83 41 1
e 44 42 1
e 84 42 1
e 45 43 1
e 85 43 1
e 86 44 1
e 87 45 1
